1612560519994425344
1612595560485355521
1612595560485355521
1612595560485355521
1612595560485355521
1612596346376142848
1612596826904870913
1612816490981384194
1612844528393936899
1612845417141510144
1612847715473301505
1612851780702072832
1612852003125997568
1612853076649717761
1612853475519467531
1612854063967657984
1612854158792556544
1612914635795009536
1612876362032812046
1612965989192462336
1612980402096078849
1613161634654031873
1613003927259078656
1613212052796936200
1613214123017310208
1613214178000396288
1613248529472040961
1613256064794763273
1613268033577062400
1613267145600671769
1613267076185034752
1613265677888155648
1613558333436481537
1613594594221981696
1613589686987165703
1613577943577395200
1613601139173490688
1613611599817736192
1613612597613297683
1613614192707108881
1613614728902807564
1613615168256364544
1613644346338971649
1613643814954049538
1613988807115776000
1614457535540387840
1614457467169132545
1615024383994601483
1615024335940370432
1615024280458108928
1615024088195399693
1615023981387456513
1614806855322058755
1614488692634124289
1615391915267981314
1615332369208340481
1615204565451685888
1615393385300496385
1615396905021734927
1615396392821719047
1615396392821719047
1615396392821719047
1615397197851262981
1615397803509047297
1615398689089912872
1615399746574630918
1615399746574630918
